add_some
defrag
COMPRESS
adding:
(slice(0, 0, 1), slice(0, 0, 1), slice(0, 0, 1), slice(0, 0, 1), slice(0, 0, 1)) (slice(463, 463, 1), slice(0, 0, 1), slice(463, 463, 1), slice(50, 50, 1), slice(0, 0, 1))
starts:
  TableRow: (0, 0, 0, 0, 0)| TableRow: (0, 0, 0, 0, 0)
  TableRow: (463, 0, 463, 50, 0)| TableRow: (463, 0, 463, 50, 0)

adding:
(slice(463, 463, 1), slice(0, 0, 1), slice(463, 463, 1), slice(50, 50, 1), slice(0, 0, 1)) (slice(1420, 1420, 1), slice(957, 957, 1), slice(1420, 1420, 1), slice(150, 150, 1), slice(100, 100, 1))
starts:
  TableRow: (463, 0, 463, 50, 0)| TableRow: (463, 0, 463, 50, 0)
  TableRow: (1420, 957, 1420, 150, 100)| TableRow: (1420, 957, 1420, 150, 100)

col_sources:  2
   0 0
   463 0
  0
col_targets: 2
   463 0
   1420 0
  0,
done


col_sources:  2
   0 0
   0 0
  0
col_targets: 2
   0 0
   957 0
  0,
done


col_sources:  2
   0 0
   463 0
  0
col_targets: 2
   463 0
   1420 0
  0,
done


col_sources:  2
   0 0
   50 0
  0
col_targets: 2
   50 0
   150 0
  0,
done


col_sources:  2
   0 0
   0 0
  0
col_targets: 2
   0 0
   100 0
  0,
done


allocating 1420 to render_verts
allocating 957 to poly_verts
allocating 1420 to color
allocating 150 to position
allocating 100 to rotator
delete some
defrag
COMPRESS
adding:
(slice(463, 1420, 1), slice(0, 957, 1), slice(463, 1420, 1), slice(50, 150, 1), slice(0, 100, 1)) (slice(327, 1420, 1), slice(0, 957, 1), slice(327, 1420, 1), slice(37, 150, 1), slice(0, 100, 1))
starts:
  TableRow: (463, 0, 463, 50, 0)| TableRow: (1420, 957, 1420, 150, 100)
  TableRow: (327, 0, 327, 37, 0)| TableRow: (1420, 957, 1420, 150, 100)

adding:
(slice(1284, 1420, 1), slice(957, 957, 1), slice(1284, 1420, 1), slice(137, 150, 1), slice(100, 100, 1)) (slice(1121, 1420, 1), slice(794, 957, 1), slice(1121, 1420, 1), slice(120, 150, 1), slice(83, 100, 1))
starts:
  TableRow: (1284, 957, 1284, 137, 100)| TableRow: (1420, 957, 1420, 150, 100)
  TableRow: (1121, 794, 1121, 120, 83)| TableRow: (1420, 957, 1420, 150, 100)

col_sources:  120
   14 11
   25 7
   39 5
   44 7
   65 6
   71 13
   84 10
   94 9
   103 7
   122 14
   136 12
   162 6
   168 7
   175 7
   182 11
   193 11
   204 6
   210 14
   224 6
   230 8
   259 5
   270 14
   284 12
   296 6
   302 9
   311 6
   317 6
   334 6
   340 13
   353 5
   358 5
   378 7
   385 14
   399 12
   411 12
   423 9
   445 9
   463 957
   360 13
   380 11
   391 14
   405 8
   413 12
   425 10
   435 13
   448 11
   459 10
   469 9
   478 13
   491 6
   497 9
   506 7
   513 14
   527 9
   536 10
   546 7
   553 14
   567 11
   578 6
   584 10
   594 12
   606 6
   612 7
   619 14
   633 12
   645 8
   653 13
   666 5
   681 11
   692 5
   697 9
   706 10
   716 9
   725 11
   750 11
   761 6
   772 10
   782 6
   788 5
   793 12
   805 8
   813 11
   824 14
   856 10
   872 8
   880 9
   889 12
   901 10
   911 7
   939 9
   948 7
   955 10
   965 6
   977 6
   983 11
   1006 6
   1012 5
   1017 8
   1025 11
   1036 6
   1051 12
   1063 11
   1074 6
   1080 13
   1093 10
   1113 8
   1121 7
   1140 7
   1161 9
   1170 11
   1181 6
   1187 7
   1194 13
   1207 11
   1231 13
   1244 11
   1255 13
   1268 9
   1277 7
   1284 136
  120
col_targets: 120
   0 11
   11 7
   18 5
   23 7
   30 6
   36 13
   49 10
   59 9
   68 7
   75 14
   89 12
   101 6
   107 7
   114 7
   121 11
   132 11
   143 6
   149 14
   163 6
   169 8
   177 5
   182 14
   196 12
   208 6
   214 9
   223 6
   229 6
   235 6
   241 13
   254 5
   259 5
   264 7
   271 14
   285 12
   297 12
   309 9
   318 9
   327 1093
   354 13
   367 11
   378 14
   392 8
   400 12
   412 10
   422 13
   435 11
   446 10
   456 9
   465 13
   478 6
   484 9
   493 7
   500 14
   514 9
   523 10
   533 7
   540 14
   554 11
   565 6
   571 10
   581 12
   593 6
   599 7
   606 14
   620 12
   632 8
   640 13
   653 5
   658 11
   669 5
   674 9
   683 10
   693 9
   702 11
   713 11
   724 6
   730 10
   740 6
   746 5
   751 12
   763 8
   771 11
   782 14
   796 10
   806 8
   814 9
   823 12
   835 10
   845 7
   852 9
   861 7
   868 10
   878 6
   884 6
   890 11
   901 6
   907 5
   912 8
   920 11
   931 6
   937 12
   949 11
   960 6
   966 13
   979 10
   989 8
   997 7
   1004 7
   1011 9
   1020 11
   1031 6
   1037 7
   1044 13
   1057 11
   1068 13
   1081 11
   1092 13
   1105 9
   1114 7
   1121 299
  120,
done


col_sources:  120
   0 0
   0 0
   0 0
   0 0
   0 0
   0 0
   0 0
   0 0
   0 0
   0 0
   0 0
   0 0
   0 0
   0 0
   0 0
   0 0
   0 0
   0 0
   0 0
   0 0
   0 0
   0 0
   0 0
   0 0
   0 0
   0 0
   0 0
   0 0
   0 0
   0 0
   0 0
   0 0
   0 0
   0 0
   0 0
   0 0
   0 0
   0 957
   33 13
   53 11
   64 14
   78 8
   86 12
   98 10
   108 13
   121 11
   132 10
   142 9
   151 13
   164 6
   170 9
   179 7
   186 14
   200 9
   209 10
   219 7
   226 14
   240 11
   251 6
   257 10
   267 12
   279 6
   285 7
   292 14
   306 12
   318 8
   326 13
   339 5
   354 11
   365 5
   370 9
   379 10
   389 9
   398 11
   423 11
   434 6
   445 10
   455 6
   461 5
   466 12
   478 8
   486 11
   497 14
   529 10
   545 8
   553 9
   562 12
   574 10
   584 7
   612 9
   621 7
   628 10
   638 6
   650 6
   656 11
   679 6
   685 5
   690 8
   698 11
   709 6
   724 12
   736 11
   747 6
   753 13
   766 10
   786 8
   794 7
   813 7
   834 9
   843 11
   854 6
   860 7
   867 13
   880 11
   904 13
   917 11
   928 13
   941 9
   950 7
   957 0
  82
col_targets: 120
   0 0
   0 0
   0 0
   0 0
   0 0
   0 0
   0 0
   0 0
   0 0
   0 0
   0 0
   0 0
   0 0
   0 0
   0 0
   0 0
   0 0
   0 0
   0 0
   0 0
   0 0
   0 0
   0 0
   0 0
   0 0
   0 0
   0 0
   0 0
   0 0
   0 0
   0 0
   0 0
   0 0
   0 0
   0 0
   0 0
   0 0
   0 957
   27 13
   40 11
   51 14
   65 8
   73 12
   85 10
   95 13
   108 11
   119 10
   129 9
   138 13
   151 6
   157 9
   166 7
   173 14
   187 9
   196 10
   206 7
   213 14
   227 11
   238 6
   244 10
   254 12
   266 6
   272 7
   279 14
   293 12
   305 8
   313 13
   326 5
   331 11
   342 5
   347 9
   356 10
   366 9
   375 11
   386 11
   397 6
   403 10
   413 6
   419 5
   424 12
   436 8
   444 11
   455 14
   469 10
   479 8
   487 9
   496 12
   508 10
   518 7
   525 9
   534 7
   541 10
   551 6
   557 6
   563 11
   574 6
   580 5
   585 8
   593 11
   604 6
   610 12
   622 11
   633 6
   639 13
   652 10
   662 8
   670 7
   677 7
   684 9
   693 11
   704 6
   710 7
   717 13
   730 11
   741 13
   754 11
   765 13
   778 9
   787 7
   794 163
  83,
done


